              precision    recall  f1-score   support

     class_0     0.0000    0.0000    0.0000   2160225
     class_1     1.0000    0.0000    0.0000    328980
     class_2     0.0000    0.0000    0.0000      1557
     class_3     0.2172    1.0000    0.3568   1347913
     class_4     0.1438    0.5089    0.2243     40019
     class_5     0.0407    0.0008    0.0016     85258
     class_6     0.0000    0.0000    0.0000      8608
     class_7     0.0000    0.0000    0.0000       917
     class_8     0.0000    0.0000    0.0000    995769
     class_9     0.0000    0.0000    0.0000   1215576
    class_10     0.0000    0.0000    0.0000    136425
    class_11     0.0000    0.0000    0.0000     29177

    accuracy                         0.2155   6350424
   macro avg     0.1168    0.1258    0.0486   6350424
weighted avg     0.0993    0.2155    0.0772   6350424
