              precision    recall  f1-score   support

     class_0     0.0000    0.0000    0.0000   2160225
     class_1     0.0000    0.0000    0.0000    328980
     class_2     0.0000    0.0000    0.0000      1557
     class_3     0.0000    0.0000    0.0000   1347913
     class_4     0.0000    0.0000    0.0000     40019
     class_5     0.0000    0.0000    0.0000     85258
     class_6     0.6200    0.9425    0.7480      8608
     class_7     0.0000    0.0000    0.0000       917
     class_8     0.2199    0.9992    0.3604    995769
     class_9     0.9997    0.9972    0.9984   1215576
    class_10     0.6573    0.9884    0.7895    136425
    class_11     0.0733    0.9902    0.1364     29177

    accuracy                         0.3746   6350424
   macro avg     0.2142    0.4098    0.2527   6350424
weighted avg     0.2411    0.3746    0.2662   6350424
