              precision    recall  f1-score   support

     class_0     0.0000    0.0000    0.0000   2160225
     class_1     1.0000    0.0000    0.0000    328980
     class_2     0.5882    0.0064    0.0127      1557
     class_3     0.2288    0.9999    0.3724   1347913
     class_4     0.1075    0.9900    0.1940     40019
     class_5     0.5782    0.6201    0.5984     85258
     class_6     0.0000    0.0000    0.0000      8608
     class_7     0.0000    0.0000    0.0000       917
     class_8     0.0000    0.0000    0.0000    995769
     class_9     0.0000    0.0000    0.0000   1215576
    class_10     0.0000    0.0000    0.0000    136425
    class_11     0.0000    0.0000    0.0000     29177

    accuracy                         0.2268   6350424
   macro avg     0.2086    0.2180    0.0981   6350424
weighted avg     0.1090    0.2268    0.0883   6350424
