               precision    recall  f1-score   support

       Benign     0.9953    0.8918    0.9407  41700592
          DoS     0.0165    0.5215    0.0319    145129
       double     0.0000    0.0000    0.0000     12413
force-neutral     0.0000    0.0000    0.0000      5744
      fuzzing     0.0001    0.0001    0.0001     67321
     interval     0.0000    0.0000    0.0000     40542
          rpm     0.0000    0.0000    0.0000      5043
rpm-accessory     0.0000    0.0000    0.0000      3146
        speed     0.0000    0.0000    0.0000      7471

     accuracy                         0.8875  41987401
    macro avg     0.1124    0.1570    0.1081  41987401
 weighted avg     0.9886    0.8875    0.9344  41987401
