               precision    recall  f1-score   support

       Benign     0.9946    0.8378    0.9095  41700592
          DoS     0.0114    0.5377    0.0223    145129
       double     0.0000    0.0000    0.0000     12413
force-neutral     0.0000    0.0000    0.0000      5744
      fuzzing     0.0011    0.0003    0.0005     67321
     interval     0.0000    0.0000    0.0000     40542
          rpm     0.0000    0.0000    0.0000      5043
rpm-accessory     0.0000    0.0000    0.0000      3146
        speed     0.0000    0.0000    0.0000      7471

     accuracy                         0.8339  41987401
    macro avg     0.1119    0.1529    0.1036  41987401
 weighted avg     0.9879    0.8339    0.9033  41987401
