                 precision    recall  f1-score   support

         Benign     0.9934    0.5841    0.7357  41700592
            DoS     0.0051    0.6156    0.0101    145129
         double     0.0000    0.0000    0.0000     12413
  force-neutral     0.0000    0.0000    0.0000      5744
        fuzzing     0.0000    0.0000    0.0000     67321
       interval     0.0000    0.0000    0.0000     40542
            rpm     0.0000    0.0000    0.0000      5043
  rpm-accessory     0.0000    0.0000    0.0000      3146
          speed     0.0000    0.0000    0.0000      7471
speed-accessory     0.0000    0.0000    0.0000      2257
     standstill     0.0000    0.0000    0.0000      5739
     systematic     0.0000    0.0000    0.0000     19791
         triple     0.0000    0.0000    0.0000     33495

       accuracy                         0.5814  42048683
      macro avg     0.0768    0.0923    0.0574  42048683
   weighted avg     0.9852    0.5814    0.7296  42048683
