                 precision    recall  f1-score   support

         Benign     0.9922    0.5164    0.6793  41700592
            DoS     0.0030    0.4220    0.0060    145129
         double     0.0000    0.0000    0.0000     12413
  force-neutral     0.0000    0.0000    0.0000      5744
        fuzzing     0.0000    0.0000    0.0000     67321
       interval     0.0000    0.0000    0.0000     40542
            rpm     0.0000    0.0000    0.0000      5043
  rpm-accessory     0.0000    0.0000    0.0000      3146
          speed     0.0000    0.0000    0.0000      7471
speed-accessory     0.0000    0.0000    0.0000      2257
     standstill     0.0000    0.0000    0.0000      5739
     systematic     0.0000    0.0000    0.0000     19791
         triple     0.0000    0.0000    0.0000     33495

       accuracy                         0.5136  42048683
      macro avg     0.0766    0.0722    0.0527  42048683
   weighted avg     0.9840    0.5136    0.6737  42048683
