               precision    recall  f1-score   support

       Benign     0.9941    0.8945    0.9416  41700592
          DoS     0.0118    0.3640    0.0229    145129
       double     0.0000    0.0000    0.0000     12413
force-neutral     0.0000    0.0000    0.0000      5744
      fuzzing     0.0000    0.0000    0.0000     67321
     interval     0.0000    0.0000    0.0000     40542
          rpm     0.0000    0.0000    0.0000      5043
rpm-accessory     0.0000    0.0000    0.0000      3146
        speed     0.0000    0.0000    0.0000      7471

     accuracy                         0.8896  41987401
    macro avg     0.1118    0.1398    0.1072  41987401
 weighted avg     0.9873    0.8896    0.9353  41987401
